AMFE1K:

score =

    0.5625    0.1936         0
    0.3333         0         0
    0.5385         0         0
    0.4286    0.1816         0
    0.7692    0.3581         0
    0.7000    0.4830    0.3078
    0.5385         0         0
    0.5000    0.2673         0
    0.8750    0.3536         0
    0.4000         0         0
    0.8462    0.4599    0.2679
    0.3077         0         0
    0.2222         0         0
    0.6667    0.3961    0.2697
    0.5936    0.2059         0
    0.4167    0.1946         0
    0.7000    0.4830    0.3078
    0.6991    0.4702    0.3668
    0.3333    0.1741         0
    0.5429    0.2336         0
    0.7500    0.3273         0
    0.5000    0.3333         0
    0.7857    0.3477         0
    0.7059    0.4697    0.2450
         0         0         0

AMFE10K:

score =

    0.7500    0.3162         0
    0.6667         0         0
    0.6923    0.2402         0
    0.6429    0.3145         0
    0.9231    0.5547    0.3036
    0.7000    0.4830    0.3078
    0.7692    0.2532         0
    0.8750    0.6124    0.5000
    0.8750    0.5000         0
    0.5000    0.3333    0.2404
    0.8462    0.5311    0.3715
    0.6923    0.3397         0
    0.5556         0         0
    0.7222    0.4122    0.2769
    0.7255    0.4554    0.2528
    0.7500    0.5222    0.3792
    0.7000    0.4830    0.3078
    0.7490    0.4867    0.3753
    0.5833    0.2303         0
    0.4524         0         0
    0.8750    0.6124    0.5000
    0.7000    0.6236    0.5264
    0.8571    0.5136    0.2801
    0.7647    0.4888    0.3170
    0.3750         0         0

AMFE15K:

score =

    0.8125    0.3291         0
    0.5556         0         0
    0.6923    0.2402         0
    0.6429    0.3145         0
    0.9231    0.5547    0.3036
    0.3000         0         0
    0.7692    0.2532         0
    0.8750    0.6124    0.5000
    0.3750         0         0
    0.5000    0.3333    0.2404
    0.8462    0.5311    0.3715
    0.6154    0.3203         0
    0.5556         0         0
    0.7222    0.4122    0.2769
    0.7914    0.5317    0.2804
    0.7500    0.5222    0.3792
    0.5000         0         0
    0.7490    0.5257    0.4256
    0.6667    0.3482         0
    0.7239    0.5395    0.4038
    0.8750    0.6124    0.5000
    0.7000    0.6236    0.5264
    0.8571    0.5136    0.2801
    0.7647    0.4888    0.3170
    0.2500         0         0

30K model:

score =

    0.8125    0.3291         0
    0.6667         0         0
    0.6923    0.2402         0
    0.6429    0.3145         0
    0.8462    0.5311    0.2949
    0.3000         0         0
    0.7692    0.2532         0
    1.0000    0.8452    0.7809
    0.5000    0.2673         0
    0.6000    0.4472    0.3684
    0.9231    0.5547    0.3825
    0.6154    0.3203         0
    0.6667         0         0
    0.7778    0.4278    0.2839
    0.7914    0.5317    0.2804
    0.8333    0.5505    0.3928
    0.8000    0.5963    0.4463
    0.8489    0.6346    0.5644
    0.6667    0.3482         0
    0.7239    0.5395    0.4038
    0.8750    0.6124    0.5000
    0.7000    0.4830         0
    0.8571    0.5136    0.2801
    0.7647    0.4888    0.2516
    0.1250         0         0

If size of training set increase, the score on all 3 orders increase. But there are
still 0 scores on order 3, which means there is no 3 consequence words translated successfully.
This indicates something need to be change on learning method, instead of training size.

Two references works well because I can see some words match reference 1, while the others match reference 2.
They help to increase the score.